432
1 15
1 14
1 15
1 15
1 15
1 14
1 15
1 15
1 14
1 15
1 14
1 15
1 15
1 13
1 15
1 14
1 15
1 15
1 15
1 14
1 14
1 15
1 15
1 15
1 15
1 15
1 14
1 15
1 15
1 15
1 15
1 14
1 15
1 15
1 15
1 14
1 14
1 15
1 14
1 15
1 15
1 15
1 14
1 14
1 14
1 14
1 14
1 14
2 12
2 12
2 12
2 13
2 12
2 12
2 13
2 12
2 12
2 12
2 12
2 12
2 12
2 13
2 12
2 13
2 13
2 13
2 13
2 13
2 13
2 13
2 12
2 12
2 12
2 12
2 12
2 13
2 13
2 12
2 12
2 12
2 12
2 12
2 13
2 12
2 12
2 12
2 12
2 12
2 12
2 12
2 12
2 12
2 12
2 12
2 12
2 12
3 12
3 13
3 13
3 12
3 12
3 12
3 12
3 12
3 12
3 12
3 12
3 12
3 11
3 13
3 12
3 11
3 12
3 12
3 12
3 11
3 12
3 12
3 12
3 13
3 12
3 12
3 12
3 13
3 13
3 12
3 12
3 12
3 12
3 12
3 12
3 12
3 12
3 13
3 12
3 12
3 12
3 12
3 12
3 13
3 12
3 12
3 12
3 12
4 10
4 10
4 10
4 10
4 11
4 11
4 10
4 10
4 10
4 10
4 10
4 10
4 10
4 10
4 10
4 11
4 10
4 11
4 11
4 11
4 10
4 11
4 11
4 11
4 11
4 10
4 10
4 11
4 10
4 11
4 11
4 11
4 10
4 10
4 10
4 10
4 10
4 11
4 10
4 11
4 10
4 11
4 11
4 11
4 11
4 11
4 11
4 11
5 7
5 7
5 8
5 9
5 9
5 8
5 9
5 9
5 9
5 9
5 8
5 9
5 8
5 10
5 8
5 10
5 9
5 9
5 10
5 10
5 11
5 10
5 10
5 10
5 10
5 9
5 9
5 9
5 9
5 9
5 10
5 10
5 9
5 9
5 9
5 9
5 9
5 10
5 10
5 9
5 10
5 10
5 9
5 10
5 10
5 9
5 9
5 9
6 6
6 6
6 6
6 7
6 7
6 6
6 6
6 6
6 6
6 6
6 6
6 6
6 6
6 6
6 6
6 6
6 6
6 6
6 6
6 5
6 5
6 5
6 6
6 5
6 5
6 5
6 5
6 6
6 5
6 5
6 5
6 5
6 5
6 5
6 5
6 6
6 8
6 8
6 8
6 8
6 8
6 8
6 8
6 8
6 8
6 8
6 8
6 8
7 5
7 5
7 5
7 5
7 5
7 5
7 5
7 5
7 5
7 5
7 5
7 5
7 7
7 6
7 6
7 7
7 7
7 6
7 6
7 6
7 7
7 7
7 6
7 6
7 5
7 5
7 5
7 4
7 5
7 5
7 4
7 4
7 5
7 5
7 5
7 5
7 5
7 4
7 5
7 5
7 5
7 5
7 5
7 5
7 5
7 5
7 5
7 5
8 2
8 2
8 1
8 2
8 1
8 1
8 1
8 1
8 1
8 1
8 2
8 1
8 4
8 4
8 2
8 0
8 2
8 2
8 1
8 2
8 2
8 2
8 2
8 1
8 1
8 1
8 1
8 1
8 1
8 2
8 1
8 1
8 1
8 1
8 1
8 1
8 2
8 1
8 1
8 2
8 1
8 1
8 1
8 1
8 1
8 2
8 1
8 1
9 0
9 0
9 0
9 0
9 0
9 0
9 0
9 0
9 0
9 0
9 0
9 0
9 0
9 0
9 0
9 1
9 0
9 0
9 0
9 1
9 0
9 0
9 0
9 0
9 0
9 2
9 0
9 0
9 0
9 0
9 0
9 0
9 0
9 1
9 0
9 0
9 0
9 0
9 0
9 0
9 0
9 0
9 0
9 0
9 0
9 0
9 0
9 0
